25
0000101000100000000000010
0001000000100010001001000
0000000110000000000000000
0100100000000000110100000
1001011100000000000000010
0000100100000111000000000
1000100000000100010000001
0010110000100000000010101
0010000000000011100000111
0000000000001000101000000
1100000100000001000000001
0000000000000000011000010
0000000001000001101000100
0000011000000010000000000
0100010010000101000000110
0000010010101010000000100
0001000011001000000010010
0001001000010000000101101
0100000001011000000000000
0001000000000000010001100
0000000100000000100000000
0100000000000000010100001
0000000110001011010100000
1000100010010010100000000
0000001110100000010001000
